Bleu1 : 0.24745325190851894 
Bleu2 : 0.12808923589788326 
Bleu3 : 0.07126674516206394 
Bleu4 : 0.040987013306830765 
Meteor : 0.09669906757901764
Cider : 0.4124199744563699
ROUGE : 0.2530183794252212
